los siguientes codigos son los que no figuran en la pagina de dispro360:

20628
20684
20698
20720
20788
20789
20819
20820
20821
21014
21015
21016
21017
21018
21019
21020
21021
21022
21023
21024
21025
21026
21027
21028
21029
21030
21031
21032
21033
21034
21035
21036
21037
21038
21039
21040
21041
21042
21043
21044
21045
21046
21047
21048
21049
21050
21051
21052
21053
21054
21055
21056
21057
21058
21059
21060
21061
21062
21063
21064
21065
21066
21072
21073
21074
21075
21076(ni siquiera aparece como opcion)
21103
21128
21140
21147
21282
21307
21308
21362
21363
21364
21365
21366
21367
21368
21369
21371
21372
21373
21374
21375
21376
21377
21379
21380
21381
21382
21383
21384
21385
21387
21390
21391
21392
21393
21649
21659
31420(no aparece como opcion de producto)
63800(no aparece como opcion de producto)
64287(no aparece como opcion de producto)
64288(no aparece como opcion de producto)

